2
837
229
685
457
609
610
611
612
613
686
838
989
990
687
991
688
761
77
762
763
1065
764
1066
1067
1068
1069
1070
78
153
3
840
80
615
841
993
994
155
995
996
5
383
915
767
998
999
82
1000
1001
534
7
385
766
769
844
84
917
1003
846
309
310
772
773
10
539
914
775
848
87
1076
160
161
162
163
842
164
165
166
1007
154
387
777
390
1008
1009
1078
1079
1080
167
169
232
1081
1082
1083
308
538
542
1084
1085
1086
89
90
779
544
1
780
6
781
540
782
783
1011
1012
1013
1014
1088
1089
1090
172
1091
1092
173
1093
174
853
697
854
1016
1017
1018
168
1019
1095
392
1096
17
240
1021
786
1098
1099
1100
1101
1102
1094
1104
178
467
700
1106
1107
1108
1109
1110
1111
1112
1113
1114
1115
1116
1117
693
1118
1119
1120
180
1022
468
181
182
470
1025
1122
1123
243
1124
1125
244
1126
96
1127
1128
97
1129
1130
184
397
93
398
472
473
474
170
186
788
550
704
171
926
313
997
859
929
930
79
183
100
101
189
931
932
1026
776
1028
933
792
934
477
936
923
1002
1087
937
1031
1032
939
1131
1134
1135
1136
1137
1034
1138
1139
1035
1036
1037
104
706
179
1141
1142
919
941
1143
1144
1145
479
554
629
862
106
107
458
481
400
1103
194
403
404
1072
482
857
483
864
944
109
463
8
316
486
487
707
488
489
326
111
491
1097
492
156
197
711
493
632
1077
546
946
558
112
633
947
199
306
200
494
201
202
713
949
114
798
950
951
115
497
29
410
716
717
954
955
117
1044
119
120
121
122
123
124
957
332
207
719
1046
699
314
695
320
720
721
722
712
723
796
724
621
185
726
867
535
233
406
870
728
334
335
336
337
338
339
340
1047
1048
32
210
193
127
212
876
960
1051
466
1040
502
503
504
415
506
35
507
305
317
702
800
626
130
346
727
765
878
638
962
348
963
417
964
216
217
1055
1056
839
1105
569
570
1058
134
135
573
241
969
422
138
140
424
1062
847
886
887
224
225
973
427
227
578
325
976
268
269
625
46
581
145
147
432
149
362
585
897
38
1074
461
176
898
437
983
525
588
438
439
527
660
661
662
663
636
986
858
666
827
371
594
596
249
671
617
597
599
395
921
12
448
600
908
512
450
602
757
236
758
832
381
1071
452
603
255
604
605
18
607
436
835
836
912
11
70
71
235
73
683
74
76
4
