2
3
859
573
575
576
577
578
5
579
580
7
862
863
864
865
10
292
294
586
872
297
17
875
876
878
880
574
594
881
882
587
596
597
598
599
600
589
601
866
602
603
604
605
607
608
609
610
884
885
886
887
611
612
613
615
24
893
892
894
860
895
897
898
309
861
903
310
31
32
908
35
912
629
914
915
631
632
633
634
917
923
924
925
46
927
326
48
930
931
932
933
890
934
937
939
940
331
332
308
333
334
335
336
337
338
584
929
339
1
340
6
52
906
935
942
943
944
945
946
947
948
949
950
952
953
954
955
956
957
959
960
961
342
963
344
964
965
346
59
348
350
969
971
973
63
64
65
66
975
976
977
978
979
981
70
71
357
983
73
358
359
879
74
986
987
989
30
76
873
990
991
77
78
80
993
994
995
996
941
998
343
362
999
1000
363
1002
591
660
82
1003
984
661
662
663
650
664
665
666
667
874
1005
4
997
1006
1008
669
84
671
673
319
958
1012
1013
87
89
90
1017
371
1019
1020
1021
1022
373
678
316
891
313
679
376
377
96
97
683
684
685
88
686
687
100
101
1029
1031
869
1032
104
383
385
106
107
109
387
985
693
111
112
390
114
392
116
1040
1041
1042
1043
1046
119
901
120
1047
1049
919
899
1015
1050
1044
677
1052
1054
43
1055
1056
122
123
124
700
701
1061
289
702
1062
127
130
1065
400
1066
1067
1068
1069
86
1070
133
639
135
1057
136
404
137
138
140
1076
126
1078
655
1079
712
889
1081
1082
714
715
1083
716
717
1086
145
719
146
354
410
926
871
411
147
585
118
720
1048
1090
642
721
722
378
703
966
370
361
723
970
724
725
726
1091
619
49
728
729
1092
1093
1095
149
151
699
415
1098
153
154
155
156
318
733
652
9
1072
626
1026
1100
1101
1102
1103
690
1107
160
1108
320
375
1097
422
1110
1111
424
427
163
428
974
1115
1116
165
1118
1119
1122
432
1124
1125
1126
1127
1128
1129
1130
740
672
1134
1135
627
1136
437
438
439
1139
757
758
1141
1142
443
761
178
762
763
888
764
765
447
450
452
657
675
773
1039
625
11
328
691
176
184
775
777
780
783
786
197
792
201
202
470
472
474
210
741
481
216
217
379
288
635
384
928
224
19
225
227
493
157
494
497
503
636
504
827
832
34
244
382
835
12
837
527
853
16
268
269
554
558
570
8
