2
3
573
859
5
575
576
577
578
579
580
7
862
863
864
865
10
292
586
294
872
297
17
875
876
878
880
574
594
881
882
587
596
597
598
599
600
589
601
866
602
603
604
605
607
608
609
610
611
612
884
613
885
886
887
615
24
893
892
894
860
895
897
898
309
861
903
310
31
32
908
35
629
912
914
631
915
632
633
634
917
923
924
925
46
927
326
48
930
931
932
933
890
934
937
939
940
331
332
308
333
334
335
336
337
338
584
929
339
1
340
6
52
906
935
942
943
944
945
946
947
948
949
950
952
953
954
955
956
957
959
960
961
342
963
964
965
344
346
348
59
969
350
971
973
63
64
65
66
975
976
977
978
979
981
983
70
71
357
358
359
73
879
986
987
74
989
30
76
873
990
991
77
78
993
994
995
996
80
941
998
343
362
999
1000
363
1002
591
1003
660
661
984
1005
662
650
663
664
665
666
667
874
1006
4
997
1008
82
669
84
671
1012
319
1013
958
673
87
89
90
1017
1019
1020
1021
1022
371
373
678
316
891
313
679
376
377
96
97
683
684
685
88
686
687
100
101
1029
1031
869
1032
383
385
104
106
107
387
109
985
693
111
112
390
114
1040
392
1041
1042
1043
116
1046
1047
901
1049
1050
119
919
899
1015
1052
1054
1044
677
1055
1056
43
120
122
123
124
700
701
702
289
1061
1062
127
400
1065
1066
1067
1068
1069
1070
86
130
133
639
135
1057
136
137
404
138
140
1076
126
712
655
714
889
1078
1079
715
716
717
1081
1082
1083
719
720
721
722
354
723
724
926
871
320
630
585
118
1048
725
642
726
378
703
728
729
966
1086
1090
411
145
970
1091
1092
1093
146
49
626
147
149
1095
361
151
699
415
153
154
155
156
1098
318
733
652
9
1100
619
1026
704
1101
1102
1103
659
690
160
375
1107
1097
1108
1110
1111
163
422
165
424
1115
974
1116
1118
1119
427
428
751
1122
1125
1126
1127
1128
1129
1130
432
740
672
757
758
627
761
762
763
764
765
1134
1135
1136
437
438
439
1139
1141
621
1142
178
443
773
775
328
176
312
651
675
11
907
447
777
184
780
709
668
450
783
452
786
792
197
201
202
470
472
731
474
210
481
379
658
216
217
224
622
157
225
227
493
494
21
497
804
827
832
503
504
12
616
388
835
837
244
853
527
16
19
268
269
554
558
570
8
