2
3
5
7
10
17
24
29
31
32
35
46
48
59
61
63
64
65
66
70
71
73
74
76
77
78
80
82
85
87
89
90
96
98
100
101
104
106
107
109
110
111
112
114
115
116
117
119
120
121
122
123
126
133
135
138
141
144
145
147
149
151
153
155
160
161
162
163
164
165
166
167
168
169
173
174
178
181
182
184
189
194
197
200
201
207
209
210
214
216
223
224
225
227
232
240
243
244
268
269
284
294
308
310
326
332
335
336
337
338
339
342
346
348
350
357
358
359
362
371
376
377
380
383
385
390
392
400
404
410
411
413
415
417
422
424
425
427
428
429
432
434
437
438
439
440
441
443
444
445
447
449
450
451
452
453
454
455
456
457
459
467
468
469
470
472
473
474
477
485
487
489
491
492
493
496
497
499
500
502
503
504
507
514
519
525
527
531
534
538
539
540
550
551
554
558
561
564
567
570
571
572
573
574
575
576
577
581
585
586
591
594
596
597
599
600
602
603
604
605
607
608
609
612
613
615
629
632
633
634
650
660
661
662
666
669
671
673
678
680
681
682
683
684
686
687
688
704
705
708
710
713
716
717
718
719
720
721
722
723
724
726
728
729
743
751
752
753
754
755
756
757
759
762
763
765
768
772
775
777
779
780
781
782
786
787
790
791
792
798
799
807
808
809
814
816
817
820
821
822
827
832
835
837
838
840
841
844
846
848
853
856
857
859
862
864
865
866
869
870
874
875
876
880
881
882
883
884
886
887
889
897
898
903
908
910
911
912
913
915
917
919
923
924
925
927
929
930
931
932
934
940
942
944
945
947
949
950
952
954
956
957
960
962
964
966
969
970
973
974
976
977
978
983
986
990
991
992
993
998
999
1003
1008
1012
1013
1017
1020
1021
1031
1032
1040
1041
1042
1043
1045
1047
1048
1050
1051
1055
1056
1057
1062
1064
1065
1068
1069
1079
1082
1083
1086
1089
1090
1093
1095
1097
1098
1100
1102
1104
1107
1108
1110
1115
1116
1118
1124
1125
1127
1128
1130
1134
1137
1139
1141
1142
1144
1
4
6
8
9
13
14
15
19
21
22
25
28
30
33
36
37
38
39
40
47
51
53
58
84
93
97
127
128
129
136
140
146
177
185
187
202
211
217
219
221
228
236
241
248
250
251
252
255
257
264
271
273
276
461
462
